[{"id": 0, "img_name": "r_0", "width": 800, "height": 800, "position": [-0.0, 2.7372601032257085, 2.9592916965484624], "rotation": [[-0.9999999403953552, -0.0, -0.0], [0.0, 0.7341099977493286, -0.6790305972099304], [-0.0, -0.6790306568145752, -0.7341098785400391]], "fy": 1111.1110311937682, "fx": 1111.1110311937682}, {"id": 1, "img_name": "r_1", "width": 800, "height": 800, "position": [-0.17187398672103876, 2.731858730316162, 2.9592916965484615], "rotation": [[-0.9980266690254211, -0.046095147728919976, 0.042636688798666], [-0.06279051303863527, 0.7326614260673524, -0.6776907444000246], [-3.7252896303988147e-09, -0.6790306568145753, -0.7341099381446838]], "fy": 1111.1110311937682, "fx": 1111.1110311937682}, {"id": 2, "img_name": "r_2", "width": 800, "height": 800, "position": [-0.34313371777534474, 2.7161829471588135, 2.958819150924682], "rotation": [[-0.9921147227287291, -0.09199368208646773, 0.08512099832296369], [-0.125333234667778, 0.7282049655914308, -0.673802077770233], [-0.0, -0.6791574358940125, -0.7339926958084106]], "fy": 1111.1110311937682, "fx": 1111.1110311937682}, {"id": 3, "img_name": "r_3", "width": 800, "height": 800, "position": [-0.5132942199707031, 2.6907823085784908, 2.9574005603790288], "rotation": [[-0.9822872281074524, -0.137470617890358, 0.12733264267444608], [-0.18738132715225223, 0.72064608335495, -0.6675010323524474], [1.4901158543073357e-08, -0.6795374751091003, -0.7336408495903013]], "fy": 1111.1110311937682, "fx": 1111.1110311937682}, {"id": 4, "img_name": "r_4", "width": 800, "height": 800, "position": [-0.6818711757659911, 2.6557128429412837, 2.9550364017486563], "rotation": [[-0.9685831665992736, -0.18230323493480682, 0.16915144026279444], [-0.2486899197101593, 0.7100241184234621, -0.6588013172149658], [7.4505801736102784e-09, -0.6801700592041016, -0.7330543994903564]], "fy": 1111.1110311937682, "fx": 1111.1110311937682}, {"id": 5, "img_name": "r_5", "width": 800, "height": 800, "position": [-0.8483804464340211, 2.6110463142395024, 2.951726198196412], "rotation": [[-0.9510564804077148, -0.2262725234031677, 0.21045726537704465], [-0.30901700258255, 0.6963951587677002, -0.6477208137512207], [1.4901159436628666e-08, -0.6810540556907654, -0.7322331070899962]], "fy": 1111.1110311937682, "fx": 1111.1110311937682}, {"id": 6, "img_name": "r_6", "width": 800, "height": 800, "position": [-1.0123374462127688, 2.5568726062774667, 2.9474692344665523], "rotation": [[-0.9297765493392945, -0.2691642343997956, 0.25112998485565186], [-0.3681245744228363, 0.6798312664031984, -0.6342819333076477], [4.0588478799833724e-17, -0.6821876764297486, -0.7311770319938657]], "fy": 1111.1110311937682, "fx": 1111.1110311937682}, {"id": 7, "img_name": "r_7", "width": 800, "height": 800, "position": [-1.1732574701309204, 2.493299007415772, 2.9422655105590825], "rotation": [[-0.9048271179199219, -0.3107704222202302, 0.2910493314266205], [-0.42577934265136724, 0.6604207754135134, -0.6185113191604613], [-4.051682179772949e-17, -0.6835686564445493, -0.7298861742019653]], "fy": 1111.1110311937682, "fx": 1111.1110311937682}, {"id": 8, "img_name": "r_8", "width": 800, "height": 800, "position": [-1.330655097961426, 2.4204523563385014, 2.9361143112182617], "rotation": [[-0.8763065934181213, -0.35089027881622303, 0.3300948739051819], [-0.4817536771297455, 0.6382669210433959, -0.600440263748169], [1.4901160352035827e-08, -0.6851942539215089, -0.7283602356910707]], "fy": 1111.1110311937682, "fx": 1111.1110311937682}, {"id": 9, "img_name": "r_9", "width": 800, "height": 800, "position": [-1.484044075012207, 2.3384790420532227, 2.929014921188354], "rotation": [[-0.844327986240387, -0.3893313109874725, 0.3681460022926331], [-0.5358268618583679, 0.6134878993034363, -0.580105185508728], [4.033435237204521e-17, -0.6870615482330323, -0.7265990972518923]], "fy": 1111.1110311937682, "fx": 1111.1110311937682}, {"id": 10, "img_name": "r_10", "width": 800, "height": 800, "position": [-1.6329382658004765, 2.2475464344024667, 2.9209671020507812], "rotation": [[-0.8090169429779053, -0.4259108901023864, 0.40508213639259344], [-0.5877853631973269, 0.5862159132957458, -0.5575476288795471], [1.490116124599323e-08, -0.6891667246818545, -0.7246027588844302]], "fy": 1111.1110311937682, "fx": 1111.1110311937682}, {"id": 11, "img_name": "r_11", "width": 800, "height": 800, "position": [-1.7768508195877077, 2.147843360900879, 2.9119701385498042], "rotation": [[-0.7705132961273197, -0.4604564905166626, 0.4407824277877807], [-0.6374240517616272, 0.5565962195396424, -0.5328143835067749], [1.4901163023692668e-08, -0.6915058493614197, -0.7223708629608155]], "fy": 1111.1110311937682, "fx": 1111.1110311937682}, {"id": 12, "img_name": "r_12", "width": 800, "height": 800, "position": [-1.915296196937561, 2.0395827293395996, 2.902023792266846], "rotation": [[-0.7289685606956482, -0.492807924747467, 0.47512650489807123], [-0.6845472455024717, 0.5247870087623594, -0.5059581995010376], [-1.4901162947815033e-08, -0.6940741539001463, -0.7199034690856932]], "fy": 1111.1110311937682, "fx": 1111.1110311937682}, {"id": 13, "img_name": "r_13", "width": 800, "height": 800, "position": [-2.0477898120880136, 1.923002123832703, 2.891127824783325], "rotation": [[-0.6845470070838929, -0.5228167772293091, 0.5079940557479861], [-0.7289686799049379, 0.49095752835273754, -0.4770380854606629], [-7.96252461798568e-17, -0.6968668103218078, -0.7172004580497742]], "fy": 1111.1110311937682, "fx": 1111.1110311937682}, {"id": 14, "img_name": "r_14", "width": 800, "height": 800, "position": [-2.1738493442535405, 1.7983639240264895, 2.8792822360992436], "rotation": [[-0.6374238729476929, -0.550348401069641, 0.5392656326293945], [-0.7705133557319641, 0.4552876353263855, -0.44611918926239014], [-1.585980255274216e-16, -0.699878394603729, -0.7142620086669923]], "fy": 1111.1110311937682, "fx": 1111.1110311937682}, {"id": 15, "img_name": "r_15", "width": 800, "height": 800, "position": [-2.292996406555176, 1.6659585237503052, 2.8664875030517583], "rotation": [[-0.5877850651741027, -0.5752823352813722, 0.5688223242759705], [-0.8090171813964844, 0.4179668724536896, -0.41327342391014105], [-0.0, -0.7031029462814331, -0.7110879421234131]], "fy": 1111.1110311937682, "fx": 1111.1110311937682}, {"id": 16, "img_name": "r_16", "width": 800, "height": 800, "position": [-2.404757022857666, 1.526104688644409, 2.8527438640594482], "rotation": [[-0.5358266234397888, -0.5975128412246704, 0.5965467095375061], [-0.844327986240387, 0.37919309735298157, -0.378579944372177], [-2.9802322326796052e-08, -0.7065344452857971, -0.7076785564422607]], "fy": 1111.1110311937682, "fx": 1111.1110311937682}, {"id": 17, "img_name": "r_17", "width": 800, "height": 800, "position": [-2.5086653232574467, 1.3791497945785514, 2.8380527496337895], "rotation": [[-0.4817534387111663, -0.61694997549057, 0.622323215007782], [-0.8763067126274108, 0.33917093276977534, -0.34212490916252125], [1.4901160298594232e-08, -0.710166037082672, -0.704034149646759]], "fy": 1111.1110311937682, "fx": 1111.1110311937682}, {"id": 18, "img_name": "r_18", "width": 800, "height": 800, "position": [-2.6042633056640625, 1.225472688674927, 2.822415590286255], "rotation": [[-0.42577901482582087, -0.6335193514823912, 0.6460382342338561], [-0.904827058315277, 0.2981113791465759, -0.3040023446083069], [1.4901158571969023e-08, -0.7139906883239745, -0.7001551389694212]], "fy": 1111.1110311937682, "fx": 1111.1110311937682}, {"id": 19, "img_name": "r_19", "width": 800, "height": 800, "position": [-2.6911044120788574, 1.0654827356338497, 2.8058338165283203], "rotation": [[-0.3681243062019348, -0.6471632122993469, 0.6675808429718016], [-0.929776668548584, 0.256229817867279, -0.26431372761726374], [-0.0, -0.7180013060569763, -0.696041703224182]], "fy": 1111.1110311937682, "fx": 1111.1110311937682}, {"id": 20, "img_name": "r_20", "width": 800, "height": 800, "position": [-2.7687544822692867, 0.8996220827102661, 2.7883110046386728], "rotation": [[-0.30901676416397095, -0.6578409075736998, 0.686843454837799], [-0.9510566592216492, 0.21374528110027308, -0.2231687754392624], [-0.0, -0.7221899032592775, -0.6916947960853579]], "fy": 1111.1110311937682, "fx": 1111.1110311937682}, {"id": 21, "img_name": "r_21", "width": 800, "height": 800, "position": [-2.8367969989776607, 0.7283647656440734, 2.7698497772216806], "rotation": [[-0.24868962168693545, -0.6655282974243164, 0.7037227153778076], [-0.9685832262039183, 0.17087841033935544, -0.18068505823612213], [-0.0, -0.7265485525131227, -0.6871151328086854]], "fy": 1111.1110311937682, "fx": 1111.1110311937682}, {"id": 22, "img_name": "r_22", "width": 800, "height": 800, "position": [-2.894832611083985, 0.5522178411483766, 2.7504544258117676], "rotation": [[-0.1873809844255447, -0.6702184677124022, 0.7181195020675659], [-0.9822872281074524, 0.12785077095031738, -0.1369883716106415], [7.450580149524853e-09, -0.731068730354309, -0.6823037266731262]], "fy": 1111.1110311937682, "fx": 1111.1110311937682}, {"id": 23, "img_name": "r_23", "width": 800, "height": 800, "position": [-2.9424843788146977, 0.37172117829322815, 2.730129718780517], "rotation": [[-0.12533289194107056, -0.67192143201828, 0.7299404740333557], [-0.992114782333374, 0.08488318324089049, -0.09221266955137251], [-3.7252902933037766e-09, -0.7357420921325684, -0.6772617697715759]], "fy": 1111.1110311937682, "fx": 1111.1110311937682}, {"id": 24, "img_name": "r_24", "width": 800, "height": 800, "position": [-2.9793996810913086, 0.18744681775569916, 2.7088818550109863], "rotation": [[-0.062790147960186, -0.6706648468971252, 0.7390980124473573], [-0.9980267882347107, 0.0421944074332714, -0.04649982973933219], [-1.8626451526494554e-09, -0.7405593395233154, -0.6719908118247986]], "fy": 1111.1110311937682, "fx": 1111.1110311937682}, {"id": 25, "img_name": "r_25", "width": 800, "height": 800, "position": [-3.005254030227661, -1.206126285069331e-06, 2.686717033386231], "rotation": [[4.0133917877938075e-07, -0.6664924621582032, 0.7455117106437684], [-0.9999999403953552, -2.674895540621946e-07, 2.9920306587882806e-07], [-0.0, -0.7455117702484132, -0.6664924025535583]], "fy": 1111.1110311937682, "fx": 1111.1110311937682}, {"id": 26, "img_name": "r_26", "width": 800, "height": 800, "position": [-3.0197529792785636, -0.18998804688453674, 2.663643598556518], "rotation": [[0.06279095262289046, -0.6594647169113159, 0.7491084337234495], [-0.9980267882347106, -0.04149028658866883, 0.04713023081421852], [-0.0, -0.7505896687507629, -0.6607685685157776]], "fy": 1111.1110311937682, "fx": 1111.1110311937682}, {"id": 27, "img_name": "r_27", "width": 800, "height": 800, "position": [-3.0226366519927996, -0.38184922933578486, 2.6396698951721183], "rotation": [[0.12533369660377502, -0.6496580839157106, 0.7498238086700441], [-0.9921146631240845, -0.08207120746374129, 0.09472512453794478], [1.040589767038178e-17, -0.7557835578918456, -0.6548214554786681]], "fy": 1111.1110311937682, "fx": 1111.1110311937682}, {"id": 28, "img_name": "r_28", "width": 800, "height": 800, "position": [-3.0136830806732178, -0.574892282485962, 2.6148066520690922], "rotation": [[0.187381774187088, -0.6371641755104066, 0.7476027011871337], [-0.9822871685028077, -0.12154587358236317, 0.14261320233345032], [-0.0, -0.7610836625099183, -0.6486536264419557]], "fy": 1111.1110311937682, "fx": 1111.1110311937682}, {"id": 29, "img_name": "r_29", "width": 800, "height": 800, "position": [-2.992709159851073, -0.7683987617492672, 2.5890643596649174], "rotation": [[0.24869039654731745, -0.6220898032188417, 0.7423997521400449], [-0.9685831069946288, -0.1597258448600769, 0.19061626493930808], [-7.450581498066641e-09, -0.7664802670478822, -0.6422678232192994]], "fy": 1111.1110311937682, "fx": 1111.1110311937682}, {"id": 30, "img_name": "r_30", "width": 800, "height": 800, "position": [-2.9595763683319087, -0.9616263508796692, 2.5624563694000244], "rotation": [[0.3090174794197082, -0.6045553088188172, 0.7341805100440978], [-0.9510563015937805, -0.19643229246139524, 0.23855014145374295], [-0.0, -0.7719632387161255, -0.6356672048568726]], "fy": 1111.1110311937682, "fx": 1111.1110311937682}, {"id": 31, "img_name": "r_31", "width": 800, "height": 800, "position": [-2.9141917228698726, -1.1538120508193968, 2.534996032714844], "rotation": [[0.36812508106231673, -0.5846946239471436, 0.7229219079017641], [-0.9297763109207151, -0.23149737715721125, 0.2862254977226257], [1.4901161180158055e-08, -0.7775225043296814, -0.628855049610138]], "fy": 1111.1110311937682, "fx": 1111.1110311937682}, {"id": 32, "img_name": "r_32", "width": 800, "height": 800, "position": [-2.8565111160278325, -1.3441742658615117, 2.506698846817016], "rotation": [[0.4257798790931703, -0.562653422355652, 0.7086130976676942], [-0.9048268795013429, -0.2647650241851806, 0.3334485590457916], [-1.490116298200202e-08, -0.7831478714942932, -0.6218354105949401]], "fy": 1111.1110311937682, "fx": 1111.1110311937682}, {"id": 33, "img_name": "r_33", "width": 800, "height": 800, "position": [-2.786542892456055, -1.5319170951843262, 2.4775812625885005], "rotation": [[0.4817541837692261, -0.538588762283325, 0.6912561655044555], [-0.8763064742088318, -0.2960920631885528, 0.38002181053161616], [-1.4901161212486127e-08, -0.7888293862342832, -0.6146122217178344]], "fy": 1111.1110311937682, "fx": 1111.1110311937682}, {"id": 34, "img_name": "r_34", "width": 800, "height": 800, "position": [-2.7043471336364746, -1.7162333726882937, 2.447661876678467], "rotation": [[0.5358273386955261, -0.5126674771308898, 0.6708658933639525], [-0.8443275690078736, -0.32534912228584295, 0.4257450699806213], [-1.4901161251390727e-08, -0.7945564985275269, -0.6071901321411134]], "fy": 1111.1110311937682, "fx": 1111.1110311937682}, {"id": 35, "img_name": "r_35", "width": 800, "height": 800, "position": [-2.610041379928589, -1.8963086605072017, 2.4169602394104], "rotation": [[0.5877857804298401, -0.48506537079811085, 0.6474714875221256], [-0.8090166449546814, -0.35242113471031183, 0.47041624784469593], [1.4901161156864103e-08, -0.8003192543983458, -0.5995739698410034]], "fy": 1111.1110311937682, "fx": 1111.1110311937682}, {"id": 36, "img_name": "r_36", "width": 800, "height": 800, "position": [-2.5037992000579825, -2.0713260173797607, 2.3854973316192623], "rotation": [[0.637424647808075, -0.4559656083583832, 0.6211160421371461], [-0.770512819290161, -0.3772081732749939, 0.513832688331604], [-8.949591302011328e-17, -0.806107521057129, -0.5917689800262451]], "fy": 1111.1110311937682, "fx": 1111.1110311937682}, {"id": 37, "img_name": "r_37", "width": 800, "height": 800, "position": [-2.38585352897644, -2.240468740463257, 2.353296041488647], "rotation": [[0.6845475435256957, -0.4255577623844147, 0.591857373714447], [-0.7289681434631347, -0.3996258378028869, 0.5557917952537537], [-1.490116122568003e-08, -0.8119112253189088, -0.583780825138092]], "fy": 1111.1110311937682, "fx": 1111.1110311937682}, {"id": 38, "img_name": "r_38", "width": 800, "height": 800, "position": [-2.2564957141876216, -2.4029273986816393, 2.3203806877136235], "rotation": [[0.7289691567420958, -0.39403566718101507, 0.5597676038742067], [-0.6845465302467348, -0.41960602998733515, 0.5960928797721864], [1.4901162940860495e-08, -0.817720353603363, -0.5756155252456664]], "fy": 1111.1110311937682, "fx": 1111.1110311937682}, {"id": 39, "img_name": "r_39", "width": 800, "height": 800, "position": [-2.1160778999328618, -2.557902812957762, 2.2867767810821538], "rotation": [[0.7705137133598328, -0.3615972399711609, 0.5249342918395997], [-0.6374233961105348, -0.4370966851711273, 0.6345375776290895], [-0.0, -0.823525309562683, -0.5672795176506042]], "fy": 1111.1110311937682, "fx": 1111.1110311937682}, {"id": 40, "img_name": "r_40", "width": 800, "height": 800, "position": [-1.9650115966796877, -2.7046108245849614, 2.252511978149414], "rotation": [[0.8090173602104187, -0.3284419775009155, 0.48745933175086975], [-0.5877845883369446, -0.45206233859062195, 0.6709312796592712], [-0.0, -0.8293163180351257, -0.5587793588638306]], "fy": 1111.1110311937682, "fx": 1111.1110311937682}, {"id": 41, "img_name": "r_41", "width": 800, "height": 800, "position": [-1.8037680387496948, -2.842288732528686, 2.2176146507263184], "rotation": [[0.8443283438682557, -0.2947700619697571, 0.4474597871303558], [-0.5358261466026306, -0.46448409557342524, 0.7050850391387938], [-9.27129441537851e-17, -0.8350839614868164, -0.5501224994659424]], "fy": 1111.1110311937682, "fx": 1111.1110311937682}, {"id": 42, "img_name": "r_42", "width": 800, "height": 800, "position": [-1.6328773498535152, -2.970198869705199, 2.182116031646728], "rotation": [[0.8763071894645691, -0.2607807517051697, 0.405066967010498], [-0.48175299167633057, -0.47435939311981207, 0.736815571784973], [-4.667483073360706e-17, -0.8408190011978149, -0.5413162708282471]], "fy": 1111.1110311937682, "fx": 1111.1110311937682}, {"id": 43, "img_name": "r_43", "width": 800, "height": 800, "position": [-1.4529269933700564, -3.087634086608887, 2.1460473537445073], "rotation": [[0.9048275351524352, -0.2266711741685867, 0.3604267835617066], [-0.42577850818634033, -0.481701910495758, 0.765947699546814], [1.490116303303813e-08, -0.8465124368667601, -0.5323687791824341]], "fy": 1111.1110311937682, "fx": 1111.1110311937682}, {"id": 44, "img_name": "r_44", "width": 800, "height": 800, "position": [-1.2645601034164429, -3.193922519683838, 2.109442234039307], "rotation": [[0.929776906967163, -0.192634791135788, 0.31369870901107794], [-0.36812373995780934, -0.4865412712097169, 0.7923145890235901], [1.4901163013130987e-08, -0.8521557450294495, -0.5232881307601929]], "fy": 1111.1110311937682, "fx": 1111.1110311937682}, {"id": 45, "img_name": "r_45", "width": 800, "height": 800, "position": [-1.0684733390808105, -3.2884328365325928, 2.072335720062256], "rotation": [[0.9510567784309387, -0.15885999798774716, 0.26505559682846064], [-0.3090161085128784, -0.48892232775688166, 0.815759778022766], [-0.0, -0.8577403426170349, -0.514083206653595]], "fy": 1111.1110311937682, "fx": 1111.1110311937682}, {"id": 46, "img_name": "r_46", "width": 800, "height": 800, "position": [-0.8654139637947084, -3.3705780506134038, 2.0347635746002197], "rotation": [[0.9685832858085633, -0.12552893161773687, 0.2146827727556229], [-0.2486889362335206, -0.48890483379364036, 0.8361374735832213], [-2.396022942849676e-17, -0.8632582426071168, -0.5047627091407776]], "fy": 1111.1110311937682, "fx": 1111.1110311937682}, {"id": 47, "img_name": "r_47", "width": 800, "height": 800, "position": [-0.6561774611473083, -3.4398207664489746, 1.9967634677886967], "rotation": [[0.9822872877120971, -0.09281624853610992, 0.16277758777141568], [-0.18738034367561343, -0.48656237125396734, 0.8533145189285277], [1.2055653674967335e-17, -0.8687013983726503, -0.49533605575561535]], "fy": 1111.1110311937682, "fx": 1111.1110311937682}, {"id": 48, "img_name": "r_48", "width": 800, "height": 800, "position": [-0.44160315394401556, -3.495676994323731, 1.9583741426467898], "rotation": [[0.992114782333374, -0.060888003557920456, 0.10954824835062028], [-0.12533222138881683, -0.4819820523262024, 0.8671706914901733], [-1.2130058571066478e-17, -0.8740628361701965, -0.4858127832412719]], "fy": 1111.1110311937682, "fx": 1111.1110311937682}, {"id": 49, "img_name": "r_49", "width": 800, "height": 800, "position": [-0.22257083654403687, -3.5377197265625, 1.9196357727050783], "rotation": [[0.9980268478393555, -0.029900548979640014, 0.055213022977113724], [-0.06278950721025466, -0.47526335716247564, 0.8776001930236816], [-6.101614656845848e-18, -0.8793353438377381, -0.4762029945850372]], "fy": 1111.1110311937682, "fx": 1111.1110311937682}, {"id": 50, "img_name": "r_50", "width": 800, "height": 800, "position": [3.7121180866961367e-06, -3.5655829906463623, 1.880589723587036], "rotation": [[0.9999999403953553, 4.856893838223185e-07, -9.208631013279955e-07], [1.0410969935037429e-06, -0.4665168523788452, 0.8845121860504152], [2.8421709417946212e-14, -0.8845122456550597, -0.46651685237884516]], "fy": 1111.1110311937682, "fx": 1111.1110311937682}, {"id": 51, "img_name": "r_51", "width": 800, "height": 800, "position": [0.2251732498407364, -3.5789654254913335, 1.8412775993347168], "rotation": [[0.9980266690254211, 0.028680982068181034, -0.05585860833525658], [0.06279158592224121, -0.4558634161949157, 0.8878320455551149], [-3.086376921943316e-18, -0.8895875811576842, -0.4567647576332092]], "fy": 1111.1110311937682, "fx": 1111.1110311937682}, {"id": 52, "img_name": "r_52", "width": 800, "height": 800, "position": [0.45196399092674255, -3.577631950378417, 1.801743030548096], "rotation": [[0.9921146035194397, 0.05601910874247552, -0.11211846023797989], [0.12533432245254514, -0.4434330165386201, 0.8875011801719666], [-3.725290300443466e-09, -0.8945552706718446, -0.44695740938186657]], "fy": 1111.1110311937682, "fx": 1111.1110311937682}, {"id": 53, "img_name": "r_53", "width": 800, "height": 800, "position": [0.679380774497986, -3.5614171028137207, 1.7620300054550173], "rotation": [[0.9822869896888734, 0.08190595358610155, -0.1685336232185364], [0.18738240003585815, -0.4293634593486786, 0.8834788203239442], [-0.0, -0.8994100093841553, -0.43710583448410034]], "fy": 1111.1110311937682, "fx": 1111.1110311937682}, {"id": 54, "img_name": "r_54", "width": 800, "height": 800, "position": [0.9064124822616577, -3.530226707458497, 1.7221834659576418], "rotation": [[0.968582808971405, 0.10624606162309647, -0.22485323250293734], [0.2486909776926041, -0.41379907727241527, 0.8757413029670716], [7.45058015996039e-09, -0.9041471481323242, -0.42722105979919434]], "fy": 1111.1110311937682, "fx": 1111.1110311937682}, {"id": 55, "img_name": "r_55", "width": 800, "height": 800, "position": [1.132037401199341, -3.484039306640625, 1.682249188423157], "rotation": [[0.9510562419891357, 0.1289577782154083, -0.2808238863945008], [0.30901810526847834, -0.3968896567821502, 0.8642836809158325], [-0.0, -0.9087620377540587, -0.4173146188259125]], "fy": 1111.1110311937682, "fx": 1111.1110311937682}, {"id": 56, "img_name": "r_56", "width": 800, "height": 800, "position": [1.3552293777465818, -3.422906875610351, 1.642273187637329], "rotation": [[0.9297760725021362, 0.14997360110282895, -0.3361909985542298], [0.3681256771087647, -0.37878876924514765, 0.8491185903549195], [-0.0, -0.913250744342804, -0.40739780664443975]], "fy": 1111.1110311937682, "fx": 1111.1110311937682}, {"id": 57, "img_name": "r_57", "width": 800, "height": 800, "position": [1.5749630928039549, -3.346956491470337, 1.6023026704788208], "rotation": [[0.9048265218734741, 0.16924017667770389, -0.39070022106170654], [0.4257803857326508, -0.35965254902839655, 0.8302776217460632], [-0.0, -0.9176097512245179, -0.3974823355674744]], "fy": 1111.1110311937682, "fx": 1111.1110311937682}, {"id": 58, "img_name": "r_58", "width": 800, "height": 800, "position": [1.790220022201538, -3.2563886642456064, 1.5623846054077142], "rotation": [[0.8763061761856079, 0.18671846389770505, -0.44409891963005066], [0.4817547500133514, -0.3396386504173278, 0.8078106045722959], [7.675827788141741e-17, -0.9218361377716063, -0.38757991790771473]], "fy": 1111.1110311937682, "fx": 1111.1110311937682}, {"id": 59, "img_name": "r_59", "width": 800, "height": 800, "position": [1.9999942779541016, -3.1514778137207027, 1.522566556930542], "rotation": [[0.8443272113800049, 0.2023834586143494, -0.4961375296115875], [0.535827875137329, -0.3189043998718262, 0.7817854285240176], [5.1399279419648585e-17, -0.9259271025657655, -0.3777022957801819]], "fy": 1111.1110311937682, "fx": 1111.1110311937682}, {"id": 60, "img_name": "r_60", "width": 800, "height": 800, "position": [2.2032985687255864, -3.0325720310211186, 1.4828966856002803], "rotation": [[0.8090162873268126, 0.2162239104509354, -0.5465710759162904], [0.5877863168716432, -0.29760587215423573, 0.7522885203361513], [-0.0, -0.9298806786537168, -0.36786139011383046]], "fy": 1111.1110311937682, "fx": 1111.1110311937682}, {"id": 61, "img_name": "r_61", "width": 800, "height": 800, "position": [2.399169206619263, -2.9000895023345943, 1.4434226751327515], "rotation": [[0.7705124020576477, 0.22824217379093173, -0.5951606035232545], [0.6374250054359435, -0.2758966386318207, 0.7194236516952515], [-0.0, -0.9336950182914734, -0.3580690920352936]], "fy": 1111.1110311937682, "fx": 1111.1110311937682}, {"id": 62, "img_name": "r_62", "width": 800, "height": 800, "position": [2.5866718292236333, -2.754518270492553, 1.4041924476623535], "rotation": [[0.7289677858352661, 0.23845365643501282, -0.6416743397712708], [0.6845481395721436, -0.2539266645908354, 0.6833118796348572], [-0.0, -0.9373692870140075, -0.34833729267120356]], "fy": 1111.1110311937682, "fx": 1111.1110311937682}, {"id": 63, "img_name": "r_63", "width": 800, "height": 800, "position": [2.764907598495483, -2.5964140892028804, 1.3652542829513552], "rotation": [[0.6845461130142212, 0.24688589572906508, -0.6858891248703003], [0.7289695143699646, -0.2318406850099563, 0.6440910696983336], [-1.4901159406841816e-08, -0.9409024119377137, -0.33867791295051575]], "fy": 1111.1110311937682, "fx": 1111.1110311937682}, {"id": 64, "img_name": "r_64", "width": 800, "height": 800, "position": [2.9330163002014147, -2.4263963699340825, 1.326655626296997], "rotation": [[0.6374230384826659, 0.25357830524444586, -0.7275918126106264], [0.7705140113830566, -0.20977771282196048, 0.6019148230552673], [-1.4901161192900829e-08, -0.9442941546440126, -0.3291027545928955]], "fy": 1111.1110311937682, "fx": 1111.1110311937682}, {"id": 65, "img_name": "r_65", "width": 800, "height": 800, "position": [3.090183973312379, -2.2451446056365967, 1.2884440422058103], "rotation": [[0.5877842903137208, 0.2585811913013459, -0.7665802836418152], [0.8090175986289978, -0.1878697723150253, 0.5569518208503723], [-2.1276877056589462e-17, -0.9475446343421936, -0.31962361931800837]], "fy": 1111.1110311937682, "fx": 1111.1110311937682}, {"id": 66, "img_name": "r_66", "width": 800, "height": 800, "position": [3.2356443405151367, -2.053396701812744, 1.250666618347168], "rotation": [[0.5358257293701173, 0.26195484399795527, -0.8026644587516782], [0.8443285822868348, -0.1662411391735077, 0.5093849897384644], [-0.0, -0.9506543278694153, -0.3102521598339081]], "fy": 1111.1110311937682, "fx": 1111.1110311937682}, {"id": 67, "img_name": "r_67", "width": 800, "height": 800, "position": [3.3686842918396005, -1.8519444465637205, 1.2133702039718626], "rotation": [[0.48175257444381714, 0.26376858353614807, -0.8356676697731017], [0.8763073086738586, -0.1450075656175613, 0.4594108462333679], [1.4901161196615052e-08, -0.9536240696907042, -0.3010000586509704]], "fy": 1111.1110311937682, "fx": 1111.1110311937682}, {"id": 68, "img_name": "r_68", "width": 800, "height": 800, "position": [3.4886484146118164, -1.64162802696228, 1.1766008138656614], "rotation": [[0.42577818036079407, 0.26409995555877686, -0.865427076816559], [0.9048275351524353, -0.12427560240030289, 0.40723776817321783], [7.450580600240056e-09, -0.9564552903175352, -0.2918787002563476]], "fy": 1111.1110311937682, "fx": 1111.1110311937682}, {"id": 69, "img_name": "r_69", "width": 800, "height": 800, "position": [3.594941377639771, -1.4233325719833376, 1.1404037475585938], "rotation": [[0.3681233823299408, 0.2630332708358764, -0.8917952775955202], [0.9297770261764527, -0.10414184629917146, 0.3530853986740113], [-1.2376144643382826e-17, -0.9591495394706725, -0.28289937973022455]], "fy": 1111.1110311937682, "fx": 1111.1110311937682}, {"id": 70, "img_name": "r_70", "width": 800, "height": 800, "position": [3.687031030654907, -1.1979837417602541, 1.104824185371399], "rotation": [[0.3090157210826874, 0.2606591582298279, -0.9146397709846494], [0.9510568976402283, -0.08469292521476746, 0.29718315601348877], [1.2693178258715112e-17, -0.961708903312683, -0.2740731239318848]], "fy": 1111.1110311937682, "fx": 1111.1110311937682}, {"id": 71, "img_name": "r_71", "width": 800, "height": 800, "position": [3.76445198059082, -0.9665415883064272, 1.0699057579040527], "rotation": [[0.24868857860565186, 0.25707265734672546, -0.9338455796241759], [0.9685834646224977, -0.066004678606987, 0.23976945877075195], [-3.7252900708054326e-09, -0.9641353487968445, -0.26541095972061163]], "fy": 1111.1110311937682, "fx": 1111.1110311937682}, {"id": 72, "img_name": "r_72", "width": 800, "height": 800, "position": [3.8268063068389884, -0.7299969792366029, 1.035691976547241], "rotation": [[0.18737998604774475, 0.2523728013038635, -0.9493138194084169], [0.9822874665260316, -0.04814233630895614, 0.18108996748924255], [-3.7252900774505367e-09, -0.9664317369461058, -0.25692355632781977]], "fy": 1111.1110311937682, "fx": 1111.1110311937682}, {"id": 73, "img_name": "r_73", "width": 800, "height": 800, "position": [3.8737666606903076, -0.48936504125595087, 1.0022244453430176], "rotation": [[0.12533186376094818, 0.2466608732938766, -0.960963189601898], [0.9921149611473085, -0.031160164624452594, 0.1213965192437172], [6.66802235249083e-18, -0.9686007499694824, -0.2486212700605393]], "fy": 1111.1110311937682, "fx": 1111.1110311937682}, {"id": 74, "img_name": "r_74", "width": 800, "height": 800, "position": [3.9050767421722408, -0.24568103253841397, 0.9695447683334352], "rotation": [[0.06278909742832182, 0.24003985524177548, -0.9687302708625792], [0.9980267882347106, -0.015101686120033262, 0.06094596162438391], [-9.313225717978195e-10, -0.9706454873085023, -0.24051445722579962]], "fy": 1111.1110311937682, "fx": 1111.1110311937682}, {"id": 75, "img_name": "r_75", "width": 800, "height": 800, "position": [3.9205524921417236, 5.6551471061538905e-06, 0.937692880630493], "rotation": [[-1.4424363143916707e-06, 0.2326129674911499, -0.9725692272186279], [1.0, 3.3552936429259706e-07, -1.4028692021383904e-06], [-2.842171283366813e-14, -0.9725692868232726, -0.2326129376888275]], "fy": 1111.1110311937682, "fx": 1111.1110311937682}, {"id": 76, "img_name": "r_76", "width": 800, "height": 800, "position": [3.920083045959472, 0.2466364949941636, 0.9067077636718749], "rotation": [[-0.06279198080301285, 0.22448267042636869, -0.9724528193473817], [0.9980266690254213, 0.014123584143817427, -0.06118297949433329], [9.313225756310845e-10, -0.9743757247924804, -0.22492650151252747]], "fy": 1111.1110311937682, "fx": 1111.1110311937682}, {"id": 77, "img_name": "r_77", "width": 800, "height": 800, "position": [3.903630256652832, 0.49314910173416143, 0.8766271471977236], "rotation": [[-0.12533472478389737, 0.21574962139129641, -0.9683714509010316], [0.9921145439147948, 0.027255844324827198, -0.12233523279428482], [1.8626453723869536e-09, -0.9760681986808778, -0.21746443212032324]], "fy": 1111.1110311937682, "fx": 1111.1110311937682}, {"id": 78, "img_name": "r_78", "width": 800, "height": 800, "position": [3.8712282180786137, 0.7384824156761168, 0.8474875688552858], "rotation": [[-0.18738281726837158, 0.20651188492774963, -0.960333466529846], [0.9822869896888733, 0.039394576102495193, -0.18319492042064664], [-0.0, -0.9776507616043091, -0.21023577451705935]], "fy": 1111.1110311937682, "fx": 1111.1110311937682}, {"id": 79, "img_name": "r_79", "width": 800, "height": 800, "position": [3.822983741760254, 0.9815817475318909, 0.8193241357803346], "rotation": [[-0.24869139492511752, 0.1968637853860855, -0.9483655095100403], [0.9685827493667603, 0.05054635927081109, -0.2435004562139511], [3.7252903000259265e-09, -0.9791269898414613, -0.20324930548667908]], "fy": 1111.1110311937682, "fx": 1111.1110311937682}, {"id": 80, "img_name": "r_80", "width": 800, "height": 800, "position": [3.759073972702027, 1.2214037179946902, 0.7921710014343262], "rotation": [[-0.30901849269866943, 0.1868952959775925, -0.9325113892555237], [0.9510560035705566, 0.06072628870606424, -0.30299293994903564], [-0.0, -0.9805011153221131, -0.19651341438293457]], "fy": 1111.1110311937682, "fx": 1111.1110311937682}, {"id": 81, "img_name": "r_81", "width": 800, "height": 800, "position": [3.6797461509704594, 1.4569213390350342, 0.7660605311393737], "rotation": [[-0.36812606453895574, 0.17669110000133514, -0.9128325581550597], [0.9297759532928467, 0.06995727866888045, -0.361417680978775], [-0.0, -0.9817770719528198, -0.19003619253635404]], "fy": 1111.1110311937682, "fx": 1111.1110311937682}, {"id": 82, "img_name": "r_82", "width": 800, "height": 800, "position": [3.585314750671387, 1.6871281862258907, 0.7410240173339844], "rotation": [[-0.42578077316284185, 0.16633009910583496, -0.8894070982933047], [0.9048263430595397, 0.07826934009790415, -0.41852498054504383], [7.450580595008004e-09, -0.9829588532447814, -0.18382543325424194]], "fy": 1111.1110311937682, "fx": 1111.1110311937682}, {"id": 83, "img_name": "r_83", "width": 800, "height": 800, "position": [3.4761607646942134, 1.9110430479049683, 0.7170910835266112], "rotation": [[-0.4817551076412201, 0.15588465332984924, -0.862329363822937], [0.876305878162384, 0.08569864183664322, -0.47407144308090204], [-7.450580158993071e-09, -0.9840505719184874, -0.1778884083032608]], "fy": 1111.1110311937682, "fx": 1111.1110311937682}, {"id": 84, "img_name": "r_84", "width": 800, "height": 800, "position": [3.352729082107543, 2.1277146339416504, 0.6942901611328124], "rotation": [[-0.5358282327651979, 0.14542031288146975, -0.8317096233367919], [0.8443269729614259, 0.09228687733411788, -0.5278209447860718], [-7.45058057956795e-09, -0.9850564002990722, -0.1722321808338165]], "fy": 1111.1110311937682, "fx": 1111.1110311937682}, {"id": 85, "img_name": "r_85", "width": 800, "height": 800, "position": [3.2155249118804927, 2.3362240791320805, 0.6726480722427369], "rotation": [[-0.5877866744995117, 0.13499520719051364, -0.7976735234260559], [0.8090160489082338, 0.09808011353015901, -0.5795458555221559], [-0.0, -0.985979974269867, -0.16686345636844635]], "fy": 1111.1110311937682, "fx": 1111.1110311937682}, {"id": 86, "img_name": "r_86", "width": 800, "height": 800, "position": [3.0651133060455313, 2.5356910228729252, 0.652190089225769], "rotation": [[-0.6374253630638121, 0.12465994805097584, -0.7603609561920166], [0.7705122232437133, 0.10312803834676743, -0.6290274858474731], [-7.450581491819917e-09, -0.9868254065513612, -0.16178843379020694]], "fy": 1111.1110311937682, "fx": 1111.1110311937682}, {"id": 87, "img_name": "r_87", "width": 800, "height": 800, "position": [2.9021131992340092, 2.72527527809143, 0.632940113544464], "rotation": [[-0.6845484375953673, 0.11445745825767517, -0.7199255824089051], [0.7289674282073975, 0.10748308897018433, -0.6760575175285339], [9.99097595409947e-18, -0.9875965118408203, -0.1570131033658981]], "fy": 1111.1110311937682, "fx": 1111.1110311937682}, {"id": 88, "img_name": "r_88", "width": 800, "height": 800, "position": [2.7271976470947257, 2.904180765151978, 0.6149204969406128], "rotation": [[-0.7289697527885438, 0.1044226810336113, -0.6765344738960265], [0.6845457553863524, 0.11119923740625386, -0.7204385399818422], [-7.450580169906875e-09, -0.9882968068122864, -0.15254299342632296]], "fy": 1111.1110311937682, "fx": 1111.1110311937682}, {"id": 89, "img_name": "r_89", "width": 800, "height": 800, "position": [2.541087865829468, 3.0716586112976065, 0.5981520414352416], "rotation": [[-0.7705144286155701, 0.09458284825086596, -0.630366325378418], [0.6374226808547975, 0.11433143168687822, -0.7619847059249876], [7.450581473527382e-09, -0.9889299273490905, -0.14838325977325437]], "fy": 1111.1110311937682, "fx": 1111.1110311937682}, {"id": 90, "img_name": "r_90", "width": 800, "height": 800, "position": [2.3445510864257812, 3.227010011672974, 0.5826539993286134], "rotation": [[-0.8090180158615112, 0.08495748788118364, -0.5816115736961365], [0.5877837538719176, 0.11693438887596126, -0.8005226850509642], [-7.450580150521424e-09, -0.9894990921020508, -0.14453867077827454]], "fy": 1111.1110311937682, "fx": 1111.1110311937682}, {"id": 91, "img_name": "r_91", "width": 800, "height": 800, "position": [2.138397455215454, 3.369588613510131, 0.5684441328048705], "rotation": [[-0.8443289399147034, 0.07555866986513136, -0.5304710865020752], [0.5358252525329591, 0.11906188726425174, -0.8358920216560365], [-0.0, -0.9900076389312744, -0.1410136371850967]], "fy": 1111.1110311937682, "fx": 1111.1110311937682}, {"id": 92, "img_name": "r_92", "width": 800, "height": 800, "position": [1.9234746694564817, 3.4988029003143306, 0.555538773536682], "rotation": [[-0.8763076066970825, 0.06639131903648375, -0.4771552979946136], [0.48175206780433655, 0.12076588720083233, -0.8679460883140562], [-3.72529074479381e-09, -0.9904583692550657, -0.13781219720840449]], "fy": 1111.1110311937682, "fx": 1111.1110311937682}, {"id": 93, "img_name": "r_93", "width": 800, "height": 800, "position": [1.700666427612305, 3.6141180992126474, 0.5439524650573732], "rotation": [[-0.9048278331756592, 0.05745357647538186, -0.42188337445259094], [0.42577755451202404, 0.12209566682577136, -0.8965522646903992], [1.3750861905901872e-17, -0.9908540248870851, -0.13493798673152926]], "fy": 1111.1110311937682, "fx": 1111.1110311937682}, {"id": 94, "img_name": "r_94", "width": 800, "height": 800, "position": [1.4708871841430662, 3.7150580883026123, 0.5336983799934387], "rotation": [[-0.929777204990387, 0.048737339675426476, -0.36488220095634455], [0.3681227266788483, 0.12309717386960989, -0.9215924739837645], [1.3755622330327114e-17, -0.9911970496177674, -0.1323942691087723]], "fy": 1111.1110311937682, "fx": 1111.1110311937682}, {"id": 95, "img_name": "r_95", "width": 800, "height": 800, "position": [1.2350789308547978, 3.8012073040008554, 0.5247880816459657], "rotation": [[-0.951057195663452, 0.04022879898548127, -0.30638533830642706], [0.3090151250362396, 0.12381233274936675, -0.9429634213447572], [6.879842720747987e-18, -0.9914898276329042, -0.1301838904619217]], "fy": 1111.1110311937682, "fx": 1111.1110311937682}, {"id": 96, "img_name": "r_96", "width": 800, "height": 800, "position": [0.9942068457603456, 3.872211694717408, 0.5172316431999208], "rotation": [[-0.9685837030410767, 0.03190899640321732, -0.2466323524713516], [0.2486879974603653, 0.12427836656570435, -0.9605774283409118], [3.7252907415791e-09, -0.9917340874671937, -0.12830936908721927]], "fy": 1111.1110311937682, "fx": 1111.1110311937682}, {"id": 97, "img_name": "r_97", "width": 800, "height": 800, "position": [0.7492559552192689, 3.9277801513671875, 0.5110374689102172], "rotation": [[-0.9822877049446106, 0.023754600435495377, -0.18586750328540808], [0.18737934529781347, 0.12452734261751172, -0.9743622541427612], [-6.882909492869026e-18, -0.9919317960739135, -0.1267727762460708]], "fy": 1111.1110311937682, "fx": 1111.1110311937682}, {"id": 98, "img_name": "r_98", "width": 800, "height": 800, "position": [0.5012269616127014, 3.9676845073699956, 0.5062126517295837], "rotation": [[-0.9921149015426636, 0.015738580375909805, -0.12433910369873047], [0.12533120810985562, 0.12458572536706923, -0.9842613935470581], [-0.0, -0.9920840263366699, -0.12557590007781982]], "fy": 1111.1110311937682, "fx": 1111.1110311937682}, {"id": 99, "img_name": "r_99", "width": 800, "height": 800, "position": [0.2511321008205413, 3.9917616844177246, 0.5027624368667603], "rotation": [[-0.9980268478393555, 0.00783097557723522, -0.062298208475112915], [0.0627884566783905, 0.12447390705347061, -0.9902342557907104], [4.6566125926260866e-10, -0.9921919107437134, -0.12472001463174819]], "fy": 1111.1110311937682, "fx": 1111.1110311937682}, {"id": 100, "img_name": "r_100", "width": 800, "height": 800, "position": [-8.328596777573694e-06, 3.9999136924743643, 0.5006908178329469], "rotation": [[-1.0, -2.586211849120446e-07, 2.0660704649344552e-06], [-2.082194214381161e-06, 0.12420610338449482, -0.9922564625740051], [-2.8421709389408828e-14, -0.9922564029693605, -0.1242061033844948]], "fy": 1111.1110311937682, "fx": 1111.1110311937682}, {"id": 101, "img_name": "r_101", "width": 800, "height": 800, "position": [-0.25117048621177673, 3.992106437683105, 0.5], "rotation": [[-0.9980265498161315, -0.007788465823978186, 0.06230772286653518], [-0.06279261410236359, 0.1237899661064148, -0.9903196692466735], [-8.606638497734085e-19, -0.9922778606414795, -0.12403472512960434]], "fy": 1111.11103119376